image: goodtrashcan_tm.pgm
resolution: 0.020000
origin: [-16.520000, -5.000000, 0.000000]
negate: 0
occupied_thresh: 0.65
free_thresh: 0.196

